   66  kill -9 17323
  181  kill -9 3410
  182  kill -9 3346
  183  kill -9 3330
  292  kill -9 9100
 1125  kill -9 24279
 1128  kill -9 25098
 1604  kill -9 593
 1635  kill -9 603
 1636  kill -9 606
 1637  kill -9 614
 1638  kill -9 618
 1639  kill -9 619
 1653  kill -9 681
 1654  kill -9 708
 1655  kill -9 746
 1656  kill -9 751
 1657  kill -9 754
 2071  kill -9 590
 2072  kill -9 595
 2073  kill -9 606
 2074  kill -9 614
 2075  kill -9 615
 2110  kill -9 620
 2111  kill -9 622
 2112  kill -9 629
 2113  kill -9 630
 2114  kill -9 633
 2253  kill -9 586
 2254  kill -9 588
 2255  kill -9 595
 2256  kill -9 598
 2257  kill -9 601
 2272  kill -9 618
 2273  kill -9 620
 2274  kill -9 627
 2275  kill -9 628
 2276  kill -9 629
 2285  kill -9 608
 2286  kill -9 610
 2287  kill -9 613
 2288  kill -9 620
 2289  kill -9 623
 2417  kill -9 791
 2418  kill -9 793
 2419  kill -9 800
 2420  kill -9 801
 2421  kill -9 802
 2424  kill -9 600
 2425  kill -9 605
 2426  kill -9 608
 2427  kill -9 617
 2428  kill -9 618
 2640  kill -9 604
 2641  kill -9 608
 2642  kill -9 616
 2643  kill -9 617
 2644  kill -9 622
 2646  kill -9 10666
 2652  kill -9 23829
 2653  sudo kill -9 23829
 2655  kill -9 28245
 2656  sudo kill -9 28245
 2658  sudo kill -9 28245
 2841  kill -9 658
 2842  kill -9 700
 2843  kill -9 709
 2844  kill -9 710
 2845  kill -9 715
 2852  kill -9 603
 2853  kill -9 607
 2854  kill -9 614
 2855  kill -9 615
 2856  kill -9 616
 2953  kill -9 605
 2954  kill -9 609
 2955  kill -9 610
 2956  kill -9 618
 2957  kill -9 621
 3018  kill -9 590
 3019  kill -9 594
 3020  kill -9 598
 3021  kill -9 605
 3022  kill -9 608
 3032  kill -9 602
 3033  kill -9 604
 3034  kill -9 612
 3035  kill -9 616
 3036  kill -9 617
 3091  kill -9 769
 3092  kill -9 771
 3093  kill -9 779
 3094  kill -9 781
 3095  kill -9 784
 3164  kill -9 612
 3165  kill -9 614
 3166  kill -9 623
 3167  kill -9 624
 3168  kill -9 625
 3360  kill -9 619
 3361  kill -9 621
 3362  kill -9 625
 3363  kill -9 634
 3364  kill -9 635
 3412  kill -9 29396
 3420  sudo kill -9 2766
 3422  kill -9 1877
 3423  kill -9 1880
 3431  ps aux | grep chromium | cut -d " " -f 5 | xargs -d"\n" kill -9 
 3439  kill -9 627
 3440  kill -9 630
 3441  kill -9 640
 3442  kill -9 643
 3443  kill -9 644
 3525  kill -9 775
 3526  kill -9 777
 3527  kill -9 784
 3528  kill -9 785
 3529  kill -9 786
 3636  kill -9 596
 3637  kill -9 598
 3638  kill -9 605
 3639  kill -9 608
 3702  kill -9 692
 3703  kill -9 694
 3704  kill -9 702
 3705  kill -9 703
 3706  kill -9 704
 3844  kill -9 605
 3845  kill -9 607
 3846  kill -9 622
 3847  kill -9 624
 3848  kill -9 629
 4241  kill -9 608
 4242  kill -9 611
 4243  kill -9 620
 4244  kill -9 621
 4245  kill -9 622
 4337  kill -9 602
 4338  kill -9 605
 4339  kill -9 614
 4340  kill -9 616
 4341  kill -9 617
 4383  kill -9 608
 4384  kill -9 612
 4385  kill -9 620
 4386  kill -9 622
 4387  kill -9 624
 4499  kill -9 608
 4500  kill -9 610
 4501  kill -9 619
 4502  kill -9 620
 4503  kill -9 621
 4553  kill -9 590
 4554  kill -9 595
 4555  kill -9 596
 4556  kill -9 606
 4630  kill -9 613
 4631  kill -9 617
 4632  kill -9 624
 4633  kill -9 625
 4634  kill -9 627
 4884  kill -9 650
 4885  kill -9 652
 4886  kill -9 660
 4887  kill -9 661
 4888  kill -9 662
 4939  kill -9 598
 4940  kill -9 602
 4941  kill -9 610
 4942  kill -9 611
 4943  kill -9 614
 5129  kill -9 593
 5130  kill -9 595
 5131  kill -9 605
 5132  kill -9 618
 5133  kill -9 620
 5382  kill -9 610
 5383  kill -9 614
 5384  kill -9 622
 5385  kill -9 623
 5386  kill -9 624
 5390  kill -9 597
 5391  kill -9 601
 5392  kill -9 611
 5393  kill -9 614
 5394  kill -9 615
 5398  kill -9 1421
 5504  kill -9 643
 5505  kill -9 647
 5506  kill -9 655
 5507  kill -9 656
 5508  kill -9 659
 5635  kill -9 597
 5636  kill -9 605
 5637  kill -9 606
 5638  kill -9 609
 5640  kill -9 636 640 650 651 652
 5642  kill -9 660
 5643  kill -9 698
 5644  kill -9 701
 5645  kill -9 719
 5646  kill -9 722
 5648  kill -9 640 645 652 662 686
 5654  kill -9 649 687 699 700 708
 5780  kill -9 590
 5781  kill -9 594
 5782  kill -9 59
 5783  kill -9 595
 5784  kill -9 605
 5785  kill -9 606
 5815  kill -9 634
 5816  kill -9 669
 5817  kill -9 6677
 5818  kill -9 677
 5819  kill -9 680
 5820  kill -9 685
 5830  kill -9 602
 5831  kill -9 606
 5832  kill -9 614
 5833  kill -9 615
 5834  kill -9 620
 5845  kill -9 595 599 606 607 612 963
 5854  kill -9 605
 5855  kill -9 609
 5856  kill -9 617
 5857  kill -9 618
 5858  kill -9 623
 5867  kill -9 621 626 627 637 638
 5882  kill -9 625 640 643 650 653 
 5894  kill -9 608 612 620 621 624 
 5936  kill -9 595 600 607 608 609
 5983  kill -9 657 660 668 670 671
 6035  kill -9 592
 6036  kill -9 595
 6037  kill -9 598
 6038  kill -9 607
 6039  kill -9 608
 6052  kill -9 588 591 602 610 614
 6096  kill -9 625 627 635 636 639
 6150  kill -9 597 601 608 609 610
 6190  kill -9 632 634 640 647 648
 6225  kill -9 645  651 711 713 725
 6242  kill -9 604
 6243  kill -9 606
 6244  kill -9 609
 6245  kill -9 619
 6246  kill -9 620
 6251  kill -9 67 700 705 719 724 
 6257  kill -9 600 602 610 611 612
 6282  kill -9 598 600 603 611 614
 6423  kill -9 596 599 607 608 610
 6480  kill -9 593 598 600 609 610
 6491  kill -9 602 604 612 613 614
 6496  kill -9 600 602 609 612 616
 6576  kill -9 611 616 623 624 630
 6583  kill -9 611
 6584  kill -9 615
 6585  kill -9 619
 6586  kill -9 626
 6588  kill -9 607 609 616 621 622 
 6602  kill -9 579 583 583 594 594 973
 6605  kill -9 612 616 626 631 636
 6634  kill -9 605 607 614 616 617
 6645  sudo kill -9 974
 6646  sudo kill -9 1072
 6653  kill -9 632 640 680 683 693
 6677  kill -9 613 617 625 628 629
 6679  kill -9 588 590 593 602 603 
 6841  kill -9 610 612 615 625 626
 6865  kill -9 601 603 606 616 617
 6873  kill -9 592
 6874  kill -9 595
 6875  kill -9 602
 6876  kill -9 603
 6877  kill -9 607
 6942  kill -9 597
 6943  kill -9 600
 6944  kill -9 603
 6945  kill -9 612
 6946  kill -9 613
 6951  kill -9 642 646 653 654 658
 6965  track | cut -d " " -f 7 | xargs kill -9 
 6970  track | cut -d " " -f 7 | xargs kill -9 
 7002  track | cut -d " " -f 7 | xargs kill -9 
 7014  track | cut -d " " -f 7 | xargs kill -9 
 7077  track | cut -d " " -f 7 | xargs kill -9
 7089  track | cut -d " " -f 7 | xargs kill -9
 7127  kill -9 590 593 603 604 607 
 7163  kill -9 614 617 624 625 627 
 7191  kill -9 587 590 597 601 602 
 7195  kill -9 607 613 614 621 622
 7201  kill -9 9456 
 7202  kill -9 10091
 7206  track | cut -d " " -f 7 | xargs kill -9
 7224  track | cut -d " " -f 7 | xargs kill -9
 7316  kill -9 613 616 623 624 631 
 7323  kill -9 6975
 7325  kill -9 9561
 7327  kill -9 11079
 7329  kill -9 12121
 7434  kill -9 610
 7435  kill -9 615 618 627 628
 7520  kill -9 1002 1004 1012 1013 1014
 7526  kill -9 18412
 7540  kill -9 676 680 687 688 691
 7592  kill -9 647
 7594  kill -9 3715
 7615  kill -9 607 610 613 622 623
 7644  kill -9 6132
 7646  kill -9 6469
 7648  kill -9 6741
 7650  kill -9 7037
 7652  kill -9 6951
 7654  kill -9 596
 7655  kill -9 600 608 610 612
 7660  kill -9 586 590 598 599 602 
 7672  kill -9 614 618 679 682 690
 7674  kill -9 2900
 7737  kill -9 611 615 618 62 628
 7738  kill -9 627
 7829  kill -9 715 719 720 727 730
 7958  kill -9 28551
 7963  kill -9 1378
 7966  kill -9 573 578 586 589 592
 7994  kill -9 1666
 7995  sudo kill -9 1666
 7998  sudo kill -9 1666
 8360  kill -9 18737
 8439  kill -9 3969
 8477  kill -9 567 570 579 580 581 
 8479  kill -9 7479 7483 7492 7502 7505 7810
 8501  kill -9 593 596 604 605 608 
 8540  sudo kill -9 958
 8541  sudo kill -9 1052
 8612  kill -9 583 586 595 596 597 
 8617  kill -9 603 605 612 613 614
 8620  kill -9 1469
 8641  kill -9 9671
 8643  kill -9 14798
 8646  kill -9 15087
 8649  kill -9 19564
 8655  kill -9 4594
 8657  kill -9 7530
 8659  kill -9 7855
 8661  kill -9 9346
 8663  kill -9 12443
 8665  kill -9 12678
 8667  kill -9 13002
 8669  kill -9 13400
 8717  kill -9 580 586 587 597 598
 8794  sudo kill -9 1122
 8795  sudo kill -9 1218
 8796  sudo kill -9 1553
 8815  kill -9 21025
 8819  kill -9 21737
 8822  kill -9 22140
 8825  kill -9 22525
 8828  kill -9 24814
 8873  kill -9 23304
 8907  kill -9 20658
 8912  kill -9 595 598 601 611 612 
 9075  kill -9 616 620 627 628 641
 9171  kill -9 601 605 614 617 618
 9174  kill -9 612 614 622 625 628 973
 9176  kill -9 118
 9177  kill -9 1181
 9179  kill -9 630 634 644 650 651
 9237  kill -9 13591
 9372  kill -9 598 600 608 613 614 
 9428  kill -9 632 636 643 644 650 
 9430  kill -9 1143
 9432  kill -9 16658
 9433  kill -9 1658
 9449  kill -9 639 641 644 654 655
 9490  kill -9 12314
 9516  kill -9 20478
 9618  kill -9 2463
 9684  kill -9 595 599 606 609 610
 9692  kill -9 1325 1328 1335 1339 1341
 9729  kill -9 22688
 9731  kill -9 23112
 9733  kill -9 23369
 9762  kill -9 654 688 708 742 729
 9763  kill -9 654 688 708 742 724
 9941  kill -9 626 678 681 701 709
 9975  kill -9 587 591 599 600 603 903
 9979  history | grep "kill -9"
 9980  history | grep "kill -9" > trackPID.txt
10022  ps aux | grep track | cut -d ' ' -f 7 | xargs kill -9
10094  ps aux | grep track | cut -d ' ' -f 7 | xargs kill -9
10103  history | grep 'kill -9'
10105  history | grep 'kill -9' | less
10106  history | grep 'kill -9' |wc -l
